# version 1:
# return mean, return var, return count, return stder, step duration mean
-1.14877045962, 716.582849922, 200000.0, 0.0598574494078, 0.03940220105
-1.25877191421, 726.122216563, 200000.0, 0.0602545523825, 0.04042899925
-1.27982645757, 730.153898511, 200000.0, 0.0604215978981, 0.04080069805
-1.25858120423, 728.945975004, 200000.0, 0.060371598248, 0.0407166171
-1.24588885945, 727.696243782, 200000.0, 0.060319824427, 0.04193883325
-1.3623503975, 737.572332746, 200000.0, 0.0607277668265, 0.0439577299
-1.23293273531, 726.555241762, 200000.0, 0.0602725161978, 0.0434744728
-1.13962011706, 718.6168117, 200000.0, 0.059942339448, 0.0447121348
-1.11833636203, 717.138618812, 200000.0, 0.0598806570944, 0.04506628685
-1.11883586277, 716.718175474, 200000.0, 0.0598631011339, 0.0462666714
-1.10148277408, 714.216269473, 200000.0, 0.0597585253112, 0.0470812513
-0.926883470114, 699.481501614, 200000.0, 0.0591388832163, 0.04708356795
-0.91562745722, 696.564970203, 200000.0, 0.0590154628129, 0.04906842805
-0.80110797482, 686.387019999, 200000.0, 0.0585827201485, 0.050431376
-0.836395281945, 688.14168599, 200000.0, 0.0586575521988, 0.04975604685
-0.814695676065, 686.168814638, 200000.0, 0.05857340756, 0.05199855505
-0.771054061305, 680.684294813, 200000.0, 0.0583388504692, 0.050934593
-0.614065606905, 667.663941585, 200000.0, 0.0577781940521, 0.0530250297
-0.59012067142, 664.78570287, 200000.0, 0.0576535212658, 0.0545233119
-0.586601702115, 663.029789026, 200000.0, 0.057577330132, 0.05401330235
-0.594428065906, 663.429037556, 200000.0, 0.0575946628411, 0.0548750496
-0.453695115455, 650.764135482, 200000.0, 0.0570422709699, 0.05757203495
-0.4358791968, 648.218446637, 200000.0, 0.0569305913651, 0.05797559425
-0.327491555305, 638.242328098, 200000.0, 0.0564908102304, 0.05905673895
-0.35545932052, 639.264876834, 200000.0, 0.0565360449994, 0.05927348565
-0.24576805062, 629.272352729, 200000.0, 0.0560924394517, 0.06104437855
-0.12481882864, 617.6922239, 200000.0, 0.0555739248164, 0.05961117845
-0.11903461377, 616.698970135, 200000.0, 0.0555292251943, 0.06218586815
-0.050299238655, 609.26871077, 200000.0, 0.0551936912504, 0.06160502365
-0.051292760555, 610.345962759, 200000.0, 0.0552424638643, 0.06309965675
0.073201827815, 598.336423971, 200000.0, 0.0546962715352, 0.06444120625
0.151732706035, 590.880891523, 200000.0, 0.0543544336518, 0.06581174035
0.19847401276, 586.564588513, 200000.0, 0.0541555439689, 0.0659765934
0.30127438523, 577.431682245, 200000.0, 0.0537322846269, 0.0680364528
0.16867838802, 586.948348484, 200000.0, 0.0541732567086, 0.06954984705
0.40179680869, 566.323921477, 200000.0, 0.0532129646551, 0.0693082996
0.470222854555, 559.18504971, 200000.0, 0.052876509421, 0.07020155755
0.39213624714, 565.652767839, 200000.0, 0.0531814238169, 0.07177396505
0.499833893655, 555.429777841, 200000.0, 0.0526986611709, 0.0742786862
0.61282372855, 544.939550779, 200000.0, 0.0521986374716, 0.0743169347
0.59313711757, 545.224666173, 200000.0, 0.0522122909942, 0.07598633835
0.65993356888, 538.429775684, 200000.0, 0.0518859217748, 0.07613231445
0.67209281678, 537.285674492, 200000.0, 0.051830766659, 0.07513008105
0.725098919815, 532.214073985, 200000.0, 0.0515855635806, 0.07831300885
0.773961380415, 527.016107968, 200000.0, 0.0513330355603, 0.07829439775
0.76745340824, 526.537198202, 200000.0, 0.0513097065964, 0.0824879113
0.85967909636, 517.931060104, 200000.0, 0.0508886559119, 0.08012543815
0.917796763165, 512.25046994, 200000.0, 0.0506088169166, 0.0808123903
0.93031291893, 510.122241227, 200000.0, 0.0505035761717, 0.08365443495
1.0539467693, 498.115109993, 200000.0, 0.0499056665116, 0.08433002825
0.99732764081, 503.180976497, 200000.0, 0.0501587966611, 0.08488735215
1.09389001432, 494.076850538, 200000.0, 0.0497029602005, 0.08627058265
1.04142316057, 498.130941584, 200000.0, 0.0499064595811, 0.0881714908
1.1549487044, 488.396150024, 200000.0, 0.0494164016306, 0.0894039306
1.11996960063, 488.998008613, 200000.0, 0.0494468405772, 0.0897339025
1.18488917805, 484.102473914, 200000.0, 0.0491987029257, 0.08930617515
1.20453823745, 480.842187372, 200000.0, 0.0490327537148, 0.08962677015
1.28579304999, 473.964896979, 200000.0, 0.0486808430997, 0.091775987
1.24263877826, 477.658795005, 200000.0, 0.0488701746981, 0.09449055975
1.3250606788, 470.102855991, 200000.0, 0.0484821026767, 0.0933466375
1.42250906241, 460.606594017, 200000.0, 0.0479899257145, 0.09532657805
1.46974458685, 457.01848678, 200000.0, 0.0478026404491, 0.09717468485
1.46526056861, 455.606086807, 200000.0, 0.0477287170793, 0.09638865595
1.48898781628, 454.329489565, 200000.0, 0.0476618028176, 0.0981423826
1.49356973599, 452.684313838, 200000.0, 0.0475754303101, 0.09691044835
1.49116345245, 452.299210512, 200000.0, 0.047555189544, 0.10077088505
1.46213465879, 455.341910861, 200000.0, 0.0477148777039, 0.10114546825
1.59638872956, 442.352627834, 200000.0, 0.047029385911, 0.10545141205
1.52883207667, 448.868847533, 200000.0, 0.0473745104214, 0.1062905695
1.57715381847, 444.263859122, 200000.0, 0.0471308741231, 0.10372258235
1.61215049051, 440.493660248, 200000.0, 0.0469304624017, 0.10836842605
1.64602397925, 436.810856904, 200000.0, 0.0467338665693, 0.10504276185
1.69368018846, 432.913418566, 200000.0, 0.0465249083054, 0.11048038365
1.7012610346, 431.525948059, 200000.0, 0.0464502932208, 0.10692245865
1.77768149957, 424.742609379, 200000.0, 0.046083761206, 0.10603835345
1.75205709599, 426.543447165, 200000.0, 0.0461813516024, 0.1093013815
1.7790994918, 424.676787787, 200000.0, 0.0460801903092, 0.1110337334
1.79427350005, 422.844362383, 200000.0, 0.0459806678063, 0.10941446335
1.80807460106, 421.551302826, 200000.0, 0.0459103094536, 0.11314132
1.82764878321, 419.247550197, 200000.0, 0.0457846890454, 0.1166329645
1.83699504437, 416.774204007, 200000.0, 0.0456494361415, 0.11609735045
1.88269811435, 414.210190087, 200000.0, 0.045508800802, 0.1137188597
1.91379411949, 410.909827352, 200000.0, 0.045327134663, 0.1188736034
1.81903159544, 419.261395983, 200000.0, 0.0457854450662, 0.1162463575
1.95356291247, 407.845973264, 200000.0, 0.0451578328346, 0.1219826972
1.9909671721, 403.939774074, 200000.0, 0.0449410599605, 0.11968048705
1.9238475811, 409.710355187, 200000.0, 0.0452609299058, 0.1202488316
1.99599737635, 403.057446128, 200000.0, 0.0448919506219, 0.1231579948
2.01382899959, 401.331795774, 200000.0, 0.0447957473302, 0.1234736334
1.9702082248, 404.928021353, 200000.0, 0.0449960010086, 0.1219412829
2.02922236996, 399.581097758, 200000.0, 0.0446979360685, 0.12343447415
2.04750372425, 397.662042698, 200000.0, 0.0445904722277, 0.12589954515
2.04396387225, 398.135205087, 200000.0, 0.0446169925637, 0.1285116179
2.03866919385, 398.276866355, 200000.0, 0.0446249294876, 0.12787876565
2.06329063293, 395.6779271, 200000.0, 0.0444790921164, 0.1294356387
1.98766910655, 402.396311732, 200000.0, 0.0448551174189, 0.13063823295
2.03086609404, 398.210408439, 200000.0, 0.0446212061938, 0.12818218965
2.07826336078, 394.871278147, 200000.0, 0.0444337303266, 0.131721242
2.12842894891, 390.225995473, 200000.0, 0.0441715969528, 0.1343848062
2.18212374497, 385.584265766, 200000.0, 0.0439081009477, 0.13380991385
